300
206
207
208
188
198
53
209
282
189
199
54
210
283
175
190
72
200
296
184
55
211
284
176
191
73
233
139
201
297
185
279
136
276
133
56
212
150
285
177
192
35
59
74
215
272
129
268
264
260
256
252
5
290
234
122
140
153
41
9
202
298
204
186
51
280
294
182
231
137
277
134
33
57
213
250
3
288
151
180
229
248
286
178
246
244
242
240
238
17
19
21
193
36
46
28
23
60
75
169
216
195
172
69
273
130
147
269
126
265
261
257
253
38
6
48
291
30
235
25
66
144
123
141
154
161
81
222
42
62
157
77
164
10
2
171
116
117
104
118
98
111
105
86
119
99
112
91
106
102
84
225
87
121
203
115
110
101
120
114
109
100
113
92
93
94
107
95
218
299
205
187
197
52
281
174
71
295
183
232
138
278
135
275
132
149
34
58
214
271
128
267
263
259
255
251
4
289
152
40
8
50
293
181
230
32
249
287
179
228
247
245
243
241
239
237
16
18
20
45
27
22
168
194
68
146
125
37
47
29
24
65
143
160
80
221
61
156
76
163
1
170
103
97
85
90
83
224
108
217
196
173
70
274
131
148
270
127
266
262
258
254
39
7
49
292
31
227
236
15
44
26
167
67
145
124
64
142
159
79
220
155
162
0
96
89
82
223
226
14
43
166
63
158
78
219
88
13
165
12
11
